每幅图像的标定误差：
第1幅图像的平均误差：0.042783像素
第2幅图像的平均误差：0.0389845像素
第3幅图像的平均误差：0.038924像素
第4幅图像的平均误差：0.03862像素
第5幅图像的平均误差：0.0473575像素
第6幅图像的平均误差：0.03828像素
第7幅图像的平均误差：0.0319374像素
第8幅图像的平均误差：0.032196像素
第9幅图像的平均误差：0.0346709像素
第10幅图像的平均误差：0.0361574像素
总体平均误差：0.0379911像素

相机内参数矩阵：
[5456.87393132981, 0, 1259.536383263624;
 0, 5456.277429036859, 1006.375952287136;
 0, 0, 1]

畸变系数：
[-0.0585852735136471, -6.563227453179237, -0.002915068717578422, -0.002942447438564128, 150.8320899860247]


第1幅图像的旋转向量：
[-53.54584446444726;
 -24.64138036266881;
 517.0897042822742]
第1幅图像的旋转矩阵：
[0.4891031197337831, 0.8721522078449179, -0.01134304270977386;
 -0.8671214067369001, 0.4847947093098886, -0.1143440239092534;
 -0.09422634581315299, 0.06576181396810601, 0.9933764541090775]
第1幅图像的平移向量：
[-2.317407953017065;
 -1.939174023726211;
 -0.05052803398501338]

第2幅图像的旋转向量：
[-33.59833112386373;
 -32.58501915557393;
 509.2092202451027]
第2幅图像的旋转矩阵：
[-0.7416812561664592, -0.6522027765273095, -0.1566539260325495;
 0.66685039707266, -0.7421298913387971, -0.06748164421159827;
 -0.07224584538489949, -0.154514603424833, 0.9853455105459651]
第2幅图像的平移向量：
[1.959828757729784;
 2.318641519232838;
 0.3037980024187871]

第3幅图像的旋转向量：
[-58.4734811503145;
 -24.48729998368458;
 526.9654342507276]
第3幅图像的旋转矩阵：
[-0.9624239041470226, -0.1522849469692757, -0.2248322122227319;
 0.1724789140268403, -0.9823062212951761, -0.07297610445148649;
 -0.2097409186175279, -0.1090127631580694, 0.9716609308427078]
第3幅图像的平移向量：
[-2.180608175000152;
 -2.01773758990977;
 0.139540807803966]

第4幅图像的旋转向量：
[-61.64195261794053;
 -14.6518510520699;
 527.7410568247103]
第4幅图像的旋转矩阵：
[-0.7998504638612099, 0.5678230242475472, -0.194464003340918;
 -0.5561587180665962, -0.8230007138010377, -0.1155738093233183;
 -0.2256694834919589, 0.01571108581072, 0.9740772279460811]
第4幅图像的平移向量：
[-2.334969681148634;
 -1.933932990109676;
 0.1431357658020168]

第5幅图像的旋转向量：
[-57.42350765370242;
 -22.19909725786268;
 515.9778912123473]
第5幅图像的旋转矩阵：
[-0.2757185345771831, 0.9559335530183409, -0.1008480634635171;
 -0.9437395986338687, -0.2891328851860521, -0.1604921950574975;
 -0.182578365807659, 0.05092363810373388, 0.9818716430477483]
第5幅图像的平移向量：
[-2.330795387450898;
 -2.070696830146198;
 0.01855187883939718]

第6幅图像的旋转向量：
[-62.41538156114916;
 -21.24923458149141;
 529.0326845989335]
第6幅图像的旋转矩阵：
[0.5912144507744304, 0.8063588285530037, -0.0158402275904209;
 -0.802490749427182, 0.5861920371532345, -0.1112991134822765;
 -0.08046160748635661, 0.07851328035923909, 0.9936607039266185]
第6幅图像的平移向量：
[2.393895679969505;
 1.99400495746498;
 -0.2250502387355453]

第7幅图像的旋转向量：
[-55.57697074193166;
 -15.62521903122448;
 526.8150016850141]
第7幅图像的旋转矩阵：
[-0.5559740082565001, -0.8096219889304296, -0.1881625286382405;
 0.8193506969641547, -0.5719083220391801, 0.03981590846236543;
 -0.1398475510245175, -0.1320344887620849, 0.981330503067025]
第7幅图像的平移向量：
[2.411519194159626;
 1.935965373680913;
 -0.2638605384509491]

第8幅图像的旋转向量：
[-26.96600533303834;
 -55.80201214840025;
 517.6185824790081]
第8幅图像的旋转矩阵：
[0.9822943004211074, 0.186361162990436, 0.0191683147162034;
 -0.186164568388687, 0.9824502099968275, -0.01159044234891688;
 -0.02099192313393705, 0.007816764422819974, 0.9997490871999319]
第8幅图像的平移向量：
[1.788696300308671;
 2.310424271755223;
 0.04575826444148198]

第9幅图像的旋转向量：
[-53.56318628005441;
 -19.23923462931539;
 506.445989312451]
第9幅图像的旋转矩阵：
[0.7700573373286635, -0.6361296154695383, -0.04848514771418576;
 0.6379746783725063, 0.7678203161831315, 0.05865383032618886;
 -8.355708312210788e-05, -0.07609910892391332, 0.9971002550592395]
第9幅图像的平移向量：
[2.478066381064967;
 1.886082786615784;
 0.2960747977429532]

第10幅图像的旋转向量：
[-37.53344940846338;
 -16.59549309779278;
 511.498066754978]
第10幅图像的旋转矩阵：
[-0.479053085273154, 0.8741170827246345, -0.08017148607358462;
 -0.8670818660816624, -0.4854534197710003, -0.1118213519189567;
 -0.1366644760082679, 0.0159468781150324, 0.9904890297604362]
第10幅图像的平移向量：
[-2.160833370135744;
 -2.258452865867548;
 -0.1937107966042026]


