<?xml version="1.0"?>
<opencv_storage>
<image_width>4000</image_width>
<image_height>3000</image_height>
<camera_matrix type_id="opencv-matrix">
  <rows>3</rows>
  <cols>3</cols>
  <dt>d</dt>
  <data>
    3.0575908286276890e+03 0. 2000. 0. 3.0657617448913261e+03 1500. 0.
    0. 1.</data></camera_matrix>
<distortion_coefficients type_id="opencv-matrix">
  <rows>1</rows>
  <cols>5</cols>
  <dt>d</dt>
  <data>
    1.8481885505495060e-01 -7.4740541775058145e-01 0. 0.
    9.5471903357786458e-01</data></distortion_coefficients>
<rotation_vectors>
  <_ type_id="opencv-matrix">
    <rows>3</rows>
    <cols>1</cols>
    <dt>d</dt>
    <data>
      -4.5991916359567481e-02 5.0449267966367695e-01
      3.0745164349895013e+00</data></_>
  <_ type_id="opencv-matrix">
    <rows>3</rows>
    <cols>1</cols>
    <dt>d</dt>
    <data>
      -3.2469346408418087e-02 -4.3005436414790271e-01
      -2.8286926658338132e+00</data></_>
  <_ type_id="opencv-matrix">
    <rows>3</rows>
    <cols>1</cols>
    <dt>d</dt>
    <data>
      -1.9701320315661747e-01 2.4593037629980558e-01
      2.6119119772737247e+00</data></_>
  <_ type_id="opencv-matrix">
    <rows>3</rows>
    <cols>1</cols>
    <dt>d</dt>
    <data>
      7.4753548689996646e-02 -5.9199706171890909e-01
      -3.0733116115937245e+00</data></_>
  <_ type_id="opencv-matrix">
    <rows>3</rows>
    <cols>1</cols>
    <dt>d</dt>
    <data>
      -1.2445971808255964e-01 -5.9691162026639544e-01
      -2.7899600934228284e+00</data></_>
  <_ type_id="opencv-matrix">
    <rows>3</rows>
    <cols>1</cols>
    <dt>d</dt>
    <data>
      1.0222766143781545e-01 -1.6132640799869241e-01
      -3.1147078340224681e+00</data></_>
  <_ type_id="opencv-matrix">
    <rows>3</rows>
    <cols>1</cols>
    <dt>d</dt>
    <data>
      -3.1971448736283309e-01 7.5145397034974096e-02
      3.1118214665412713e+00</data></_>
  <_ type_id="opencv-matrix">
    <rows>3</rows>
    <cols>1</cols>
    <dt>d</dt>
    <data>
      8.7466883305278936e-02 -2.4831459175735174e-01
      -3.0950951348466313e+00</data></_>
  <_ type_id="opencv-matrix">
    <rows>3</rows>
    <cols>1</cols>
    <dt>d</dt>
    <data>
      -6.9359357601061350e-02 -2.1089490254520460e-01
      -3.0917614660480366e+00</data></_>
  <_ type_id="opencv-matrix">
    <rows>3</rows>
    <cols>1</cols>
    <dt>d</dt>
    <data>
      -9.9354592793573449e-02 -4.4623092462403230e-01
      -3.0190810839065896e+00</data></_>
  <_ type_id="opencv-matrix">
    <rows>3</rows>
    <cols>1</cols>
    <dt>d</dt>
    <data>
      1.7503541316893148e-01 -4.8388808604141875e-01
      -3.0970021553347560e+00</data></_>
  <_ type_id="opencv-matrix">
    <rows>3</rows>
    <cols>1</cols>
    <dt>d</dt>
    <data>
      4.4168886149999774e-02 -6.5537100673987991e-01
      -3.0146989909478350e+00</data></_>
  <_ type_id="opencv-matrix">
    <rows>3</rows>
    <cols>1</cols>
    <dt>d</dt>
    <data>
      -9.1136459018543274e-03 7.2831227702552315e-03
      -3.1131284065941980e+00</data></_>
  <_ type_id="opencv-matrix">
    <rows>3</rows>
    <cols>1</cols>
    <dt>d</dt>
    <data>
      -1.3455272905060484e-01 -2.8138464836990518e-01
      -3.0899246581348061e+00</data></_>
  <_ type_id="opencv-matrix">
    <rows>3</rows>
    <cols>1</cols>
    <dt>d</dt>
    <data>
      1.3739003739391428e-01 -3.4266224141595114e-01
      -3.1009352164926827e+00</data></_>
  <_ type_id="opencv-matrix">
    <rows>3</rows>
    <cols>1</cols>
    <dt>d</dt>
    <data>
      6.8517566611831920e-02 -5.7538977968118032e-01
      -3.0729416396206961e+00</data></_>
  <_ type_id="opencv-matrix">
    <rows>3</rows>
    <cols>1</cols>
    <dt>d</dt>
    <data>
      -1.6694087918046702e-01 -4.4294142270068154e-01
      -3.0301239767545880e+00</data></_>
  <_ type_id="opencv-matrix">
    <rows>3</rows>
    <cols>1</cols>
    <dt>d</dt>
    <data>
      9.6960805985288570e-02 -2.5881027644099003e-01
      -3.1019761336742162e+00</data></_>
  <_ type_id="opencv-matrix">
    <rows>3</rows>
    <cols>1</cols>
    <dt>d</dt>
    <data>
      2.8701873292989472e-01 -2.7542977751617764e-01
      -3.1133533067981367e+00</data></_>
  <_ type_id="opencv-matrix">
    <rows>3</rows>
    <cols>1</cols>
    <dt>d</dt>
    <data>
      7.0427306693906150e-02 -5.2724618151450819e-01
      -3.0696072752506982e+00</data></_></rotation_vectors>
