<?xml version="1.0"?>
<opencv_storage>
<image_width>2592</image_width>
<image_height>2048</image_height>
<camera_matrix type_id="opencv-matrix">
  <rows>3</rows>
  <cols>3</cols>
  <dt>d</dt>
  <data>
    5.4645471980994198e+03 0. 1296. 0. 5.4637206041098052e+03 1024. 0.
    0. 1.</data></camera_matrix>
<distortion_coefficients type_id="opencv-matrix">
  <rows>1</rows>
  <cols>5</cols>
  <dt>d</dt>
  <data>
    -1.6518504704602496e-01 1.1110909471346795e+00 0. 0.
    -4.8277466142352559e+00</data></distortion_coefficients>
<rotation_vectors>
  <_ type_id="opencv-matrix">
    <rows>3</rows>
    <cols>1</cols>
    <dt>d</dt>
    <data>
      7.6156209625343085e-02 -1.6957179325359342e-01
      2.9594782972090119e+00</data></_>
  <_ type_id="opencv-matrix">
    <rows>3</rows>
    <cols>1</cols>
    <dt>d</dt>
    <data>
      3.1766163343144943e-01 1.1970688844419991e-01
      -2.9559170449447416e+00</data></_>
  <_ type_id="opencv-matrix">
    <rows>3</rows>
    <cols>1</cols>
    <dt>d</dt>
    <data>
      2.7100320288556801e-01 -8.7272901954240936e-02
      3.0518202867408686e+00</data></_>
  <_ type_id="opencv-matrix">
    <rows>3</rows>
    <cols>1</cols>
    <dt>d</dt>
    <data>
      1.9783347741433996e-01 -1.8699032641772684e-02
      2.9483649351391108e+00</data></_>
  <_ type_id="opencv-matrix">
    <rows>3</rows>
    <cols>1</cols>
    <dt>d</dt>
    <data>
      2.0917737021656807e-02 -2.7301982758970549e-02
      3.0236724122489189e+00</data></_>
  <_ type_id="opencv-matrix">
    <rows>3</rows>
    <cols>1</cols>
    <dt>d</dt>
    <data>
      1.2308420280665797e-01 1.6053671338876579e-01
      2.9531997298404269e+00</data></_>
  <_ type_id="opencv-matrix">
    <rows>3</rows>
    <cols>1</cols>
    <dt>d</dt>
    <data>
      1.2741063647777184e-01 2.0946364044093674e-01
      2.9139284199343654e+00</data></_>
  <_ type_id="opencv-matrix">
    <rows>3</rows>
    <cols>1</cols>
    <dt>d</dt>
    <data>
      2.6968805184567646e-01 -1.8809823755260024e-01
      -2.8720546522374213e+00</data></_>
  <_ type_id="opencv-matrix">
    <rows>3</rows>
    <cols>1</cols>
    <dt>d</dt>
    <data>
      -2.1842376206497677e-01 -1.8779455529783523e-01
      2.8588077543934634e+00</data></_>
  <_ type_id="opencv-matrix">
    <rows>3</rows>
    <cols>1</cols>
    <dt>d</dt>
    <data>
      1.4053750137280713e-01 1.5582350229455966e-01
      -3.0901491577448930e+00</data></_></rotation_vectors>
<translation_vectors>
  <_ type_id="opencv-matrix">
    <rows>3</rows>
    <cols>1</cols>
    <dt>d</dt>
    <data>
      5.3728241885350014e+00 2.4893787136482466e+00
      5.1851250379375699e+01</data></_>
  <_ type_id="opencv-matrix">
    <rows>3</rows>
    <cols>1</cols>
    <dt>d</dt>
    <data>
      4.7216841802353144e+00 5.0124301844281343e+00
      5.3531729633000822e+01</data></_>
  <_ type_id="opencv-matrix">
    <rows>3</rows>
    <cols>1</cols>
    <dt>d</dt>
    <data>
      4.1772478109978852e+00 3.6313820866058428e+00
      5.1264147575779667e+01</data></_>
  <_ type_id="opencv-matrix">
    <rows>3</rows>
    <cols>1</cols>
    <dt>d</dt>
    <data>
      4.5149697773280968e+00 3.3948470013138414e+00
      5.1448749753755152e+01</data></_>
  <_ type_id="opencv-matrix">
    <rows>3</rows>
    <cols>1</cols>
    <dt>d</dt>
    <data>
      4.6622480805417270e+00 3.3851312474724047e+00
      5.1530987821406818e+01</data></_>
  <_ type_id="opencv-matrix">
    <rows>3</rows>
    <cols>1</cols>
    <dt>d</dt>
    <data>
      4.4293028007007607e+00 2.6959133550817533e+00
      5.1368641157789185e+01</data></_>
  <_ type_id="opencv-matrix">
    <rows>3</rows>
    <cols>1</cols>
    <dt>d</dt>
    <data>
      5.2729195258327950e+00 2.8144882972579532e+00
      5.0934824093670123e+01</data></_>
  <_ type_id="opencv-matrix">
    <rows>3</rows>
    <cols>1</cols>
    <dt>d</dt>
    <data>
      4.8265934354856954e+00 3.5547964067633657e+00
      5.2372290760635764e+01</data></_>
  <_ type_id="opencv-matrix">
    <rows>3</rows>
    <cols>1</cols>
    <dt>d</dt>
    <data>
      5.6085878147728518e+00 1.8640897630785656e+00
      5.2991700437471259e+01</data></_>
  <_ type_id="opencv-matrix">
    <rows>3</rows>
    <cols>1</cols>
    <dt>d</dt>
    <data>
      5.5102470229821199e+00 5.5263793145739042e+00
      5.2763381280803763e+01</data></_></translation_vectors>
</opencv_storage>
