<?xml version="1.0"?>
<opencv_storage>
<image_width>2592</image_width>
<image_height>2048</image_height>
<camera_matrix type_id="opencv-matrix">
  <rows>3</rows>
  <cols>3</cols>
  <dt>d</dt>
  <data>
    5.4527951739387536e+03 0. 1296. 0. 5.4516722962436079e+03 1024. 0.
    0. 1.</data></camera_matrix>
<distortion_coefficients type_id="opencv-matrix">
  <rows>1</rows>
  <cols>5</cols>
  <dt>d</dt>
  <data>
    -1.5353213042289329e-01 -1.4069993670046438e-01 0. 0.
    3.3620609233825135e+01</data></distortion_coefficients>
<rotation_vectors>
  <_ type_id="opencv-matrix">
    <rows>3</rows>
    <cols>1</cols>
    <dt>d</dt>
    <data>
      1.1379865429430490e-01 5.0703566751280529e-02
      -1.7639695583394055e-01</data></_>
  <_ type_id="opencv-matrix">
    <rows>3</rows>
    <cols>1</cols>
    <dt>d</dt>
    <data>
      8.0330506715934044e-02 -2.1386707534939012e-01
      1.6660068636879097e-01</data></_>
  <_ type_id="opencv-matrix">
    <rows>3</rows>
    <cols>1</cols>
    <dt>d</dt>
    <data>
      5.6786433360633208e-02 1.7666545126390773e-01
      -7.6616838855617944e-02</data></_>
  <_ type_id="opencv-matrix">
    <rows>3</rows>
    <cols>1</cols>
    <dt>d</dt>
    <data>
      1.2095538842967397e-02 1.3353060774651332e-01
      -1.8671819121572705e-01</data></_>
  <_ type_id="opencv-matrix">
    <rows>3</rows>
    <cols>1</cols>
    <dt>d</dt>
    <data>
      1.7690215691037913e-02 1.4452606590255084e-02
      -1.1769805272490580e-01</data></_>
  <_ type_id="opencv-matrix">
    <rows>3</rows>
    <cols>1</cols>
    <dt>d</dt>
    <data>
      -1.0844218310930757e-01 8.3114329014308541e-02
      -1.8160074549733890e-01</data></_>
  <_ type_id="opencv-matrix">
    <rows>3</rows>
    <cols>1</cols>
    <dt>d</dt>
    <data>
      -1.4296836681845942e-01 8.7315945232619124e-02
      -2.1762088297577017e-01</data></_>
  <_ type_id="opencv-matrix">
    <rows>3</rows>
    <cols>1</cols>
    <dt>d</dt>
    <data>
      -1.2959777520957144e-01 -1.8622243217545531e-01
      2.5130059217438017e-01</data></_>
  <_ type_id="opencv-matrix">
    <rows>3</rows>
    <cols>1</cols>
    <dt>d</dt>
    <data>
      1.3034468397128404e-01 -1.5145723632229949e-01
      -2.6874621243609553e-01</data></_>
  <_ type_id="opencv-matrix">
    <rows>3</rows>
    <cols>1</cols>
    <dt>d</dt>
    <data>
      1.0062956530173546e-01 -9.0977905134960096e-02
      4.4365663929427888e-02</data></_></rotation_vectors>
<translation_vectors>
  <_ type_id="opencv-matrix">
    <rows>3</rows>
    <cols>1</cols>
    <dt>d</dt>
    <data>
      -5.7045361212010768e+00 -2.6357013336242767e+00
      5.1590191766275488e+01</data></_>
  <_ type_id="opencv-matrix">
    <rows>3</rows>
    <cols>1</cols>
    <dt>d</dt>
    <data>
      -3.7032503869687932e+00 -3.4274709558865202e+00
      5.0815979603598429e+01</data></_>
  <_ type_id="opencv-matrix">
    <rows>3</rows>
    <cols>1</cols>
    <dt>d</dt>
    <data>
      -6.2055858835882480e+00 -2.6259407348557020e+00
      5.2587894019065025e+01</data></_>
  <_ type_id="opencv-matrix">
    <rows>3</rows>
    <cols>1</cols>
    <dt>d</dt>
    <data>
      -6.5239131381932207e+00 -1.6408887280837521e+00
      5.2677912108374237e+01</data></_>
  <_ type_id="opencv-matrix">
    <rows>3</rows>
    <cols>1</cols>
    <dt>d</dt>
    <data>
      -6.0904671016438865e+00 -2.3923124852234086e+00
      5.1455389014309333e+01</data></_>
  <_ type_id="opencv-matrix">
    <rows>3</rows>
    <cols>1</cols>
    <dt>d</dt>
    <data>
      -6.6012833915616511e+00 -2.3029720812258381e+00
      5.2788846394747409e+01</data></_>
  <_ type_id="opencv-matrix">
    <rows>3</rows>
    <cols>1</cols>
    <dt>d</dt>
    <data>
      -5.9152590835800218e+00 -1.7389053603389821e+00
      5.2584357401275376e+01</data></_>
  <_ type_id="opencv-matrix">
    <rows>3</rows>
    <cols>1</cols>
    <dt>d</dt>
    <data>
      -3.0470981714487437e+00 -5.7528477703087475e+00
      5.1650317286290118e+01</data></_>
  <_ type_id="opencv-matrix">
    <rows>3</rows>
    <cols>1</cols>
    <dt>d</dt>
    <data>
      -5.6979399412801799e+00 -2.0914704058247686e+00
      5.0534166428984456e+01</data></_>
  <_ type_id="opencv-matrix">
    <rows>3</rows>
    <cols>1</cols>
    <dt>d</dt>
    <data>
      -4.0972631895141856e+00 -1.8279085142507523e+00
      5.1039113342626621e+01</data></_></translation_vectors>
</opencv_storage>
