<?xml version="1.0"?>
<opencv_storage>
<image_width>2592</image_width>
<image_height>2048</image_height>
<camera_matrix type_id="opencv-matrix">
  <rows>3</rows>
  <cols>3</cols>
  <dt>d</dt>
  <data>
    5.4496157540375079e+03 0. 1296. 0. 5.4485004066809825e+03 1024. 0.
    0. 1.</data></camera_matrix>
<distortion_coefficients type_id="opencv-matrix">
  <rows>1</rows>
  <cols>5</cols>
  <dt>d</dt>
  <data>
    -1.4327842699739549e-01 -1.3583945984286094e+00 0. 0.
    6.9945735943292874e+01</data></distortion_coefficients>
<rotation_vectors>
  <_ type_id="opencv-matrix">
    <rows>3</rows>
    <cols>1</cols>
    <dt>d</dt>
    <data>
      1.1355593959349966e-01 5.0571412094188757e-02
      -1.7638927434294921e-01</data></_>
  <_ type_id="opencv-matrix">
    <rows>3</rows>
    <cols>1</cols>
    <dt>d</dt>
    <data>
      8.0437880694599617e-02 -2.1405159497593451e-01
      1.6659931459233732e-01</data></_>
  <_ type_id="opencv-matrix">
    <rows>3</rows>
    <cols>1</cols>
    <dt>d</dt>
    <data>
      5.6711896525278090e-02 1.7659647273535403e-01
      -7.6629800733202441e-02</data></_>
  <_ type_id="opencv-matrix">
    <rows>3</rows>
    <cols>1</cols>
    <dt>d</dt>
    <data>
      1.1968825031870346e-02 1.3353452267383928e-01
      -1.8675396210656700e-01</data></_>
  <_ type_id="opencv-matrix">
    <rows>3</rows>
    <cols>1</cols>
    <dt>d</dt>
    <data>
      1.7149292606391378e-02 1.4623009011901755e-02
      -1.1771440846291770e-01</data></_>
  <_ type_id="opencv-matrix">
    <rows>3</rows>
    <cols>1</cols>
    <dt>d</dt>
    <data>
      -1.0878080257422335e-01 8.3192508397457843e-02
      -1.8162060458349188e-01</data></_>
  <_ type_id="opencv-matrix">
    <rows>3</rows>
    <cols>1</cols>
    <dt>d</dt>
    <data>
      -1.4307856352579951e-01 8.7229246539827984e-02
      -2.1764680009105178e-01</data></_>
  <_ type_id="opencv-matrix">
    <rows>3</rows>
    <cols>1</cols>
    <dt>d</dt>
    <data>
      -1.2966667461552575e-01 -1.8629290245658375e-01
      2.5129377206550185e-01</data></_>
  <_ type_id="opencv-matrix">
    <rows>3</rows>
    <cols>1</cols>
    <dt>d</dt>
    <data>
      1.3046110520785267e-01 -1.5148988089070839e-01
      -2.6873466591787254e-01</data></_>
  <_ type_id="opencv-matrix">
    <rows>3</rows>
    <cols>1</cols>
    <dt>d</dt>
    <data>
      1.0074267970655405e-01 -9.1046693334742371e-02
      4.4367070399786795e-02</data></_></rotation_vectors>
<translation_vectors>
  <_ type_id="opencv-matrix">
    <rows>3</rows>
    <cols>1</cols>
    <dt>d</dt>
    <data>
      -5.7044131291637274e+00 -2.6358739206983675e+00
      5.1562286278655712e+01</data></_>
  <_ type_id="opencv-matrix">
    <rows>3</rows>
    <cols>1</cols>
    <dt>d</dt>
    <data>
      -3.7030655062582869e+00 -3.4273275517332737e+00
      5.0785558254630310e+01</data></_>
  <_ type_id="opencv-matrix">
    <rows>3</rows>
    <cols>1</cols>
    <dt>d</dt>
    <data>
      -6.2056715747560798e+00 -2.6258394786116463e+00
      5.2559873289071774e+01</data></_>
  <_ type_id="opencv-matrix">
    <rows>3</rows>
    <cols>1</cols>
    <dt>d</dt>
    <data>
      -6.5239758729423754e+00 -1.6407534283945737e+00
      5.2649437138971294e+01</data></_>
  <_ type_id="opencv-matrix">
    <rows>3</rows>
    <cols>1</cols>
    <dt>d</dt>
    <data>
      -6.0905276091955241e+00 -2.3923697112802782e+00
      5.1428679976084396e+01</data></_>
  <_ type_id="opencv-matrix">
    <rows>3</rows>
    <cols>1</cols>
    <dt>d</dt>
    <data>
      -6.6013001512705642e+00 -2.3026663447351714e+00
      5.2760649548861025e+01</data></_>
  <_ type_id="opencv-matrix">
    <rows>3</rows>
    <cols>1</cols>
    <dt>d</dt>
    <data>
      -5.9153586288105764e+00 -1.7387263855124049e+00
      5.2554823740353420e+01</data></_>
  <_ type_id="opencv-matrix">
    <rows>3</rows>
    <cols>1</cols>
    <dt>d</dt>
    <data>
      -3.0471422622715303e+00 -5.7527801325553050e+00
      5.1621669399352264e+01</data></_>
  <_ type_id="opencv-matrix">
    <rows>3</rows>
    <cols>1</cols>
    <dt>d</dt>
    <data>
      -5.6978637913888592e+00 -2.0913937736248673e+00
      5.0504603565810179e+01</data></_>
  <_ type_id="opencv-matrix">
    <rows>3</rows>
    <cols>1</cols>
    <dt>d</dt>
    <data>
      -4.0971767762545346e+00 -1.8278295224704133e+00
      5.1009502728734056e+01</data></_></translation_vectors>
</opencv_storage>
